5.75465
9.33835
7.29948
3.18988
9.13421
5.33007
11.1486
4.57726
12.4692
3.37732
2.7572
4.92426
4.82102
5.76304
4.27175
4.26655
3.12573
5.33501
4.83807
3.89825
3.59753
14.4392
5.37844
5.40084
7.7319
3.29672
13.8052
4.95587
8.48913
3.86951
5.27957
2.33536
3.62294
5.79388
5.62893
3.85954
3.75705
4.41479
5.46626
9.1682
6.15942
5.09852
3.53959
8.07678
3.13628
5.30738
2.83963
5.58515
3.64682
3.06672
2.71956
5.14585
4.89978
12.3812
5.78551
5.42047
12.2901
5.89067
10.8462
5.03414
5.74792
4.62081
3.01314
6.31785
4.33881
3.33903
3.23653
4.73035
3.4986
5.39427
4.81385
4.98464
3.90947
5.19573
8.47437
4.17698
3.48043
5.07849
7.84133
7.12312
4.48144
5.23834
4.25407
9.72328
6.40108
3.82993
2.92869
2.85653
6.7643
4.7441
4.56132
3.05148
4.49016
7.24095
3.37709
4.132
4.81436
3.82173
5.01676
3.2834
9.33434
3.42877
4.11508
4.63024
6.21497
7.73829
4.11984
4.83083
6.67586
8.33738
5.36812
4.97181
6.0015
5.95408
4.7816
5.01309
4.86026
5.30474
3.21935
4.95847
3.95708
3.76018
4.58888
3.74879
6.44798
6.74856
4.88317
5.87797
3.00056
7.10505
253.592
4.7022
6.93684
4.03414
6.34835
6.35971
6.41793
2.31391
4.03193
3.67129
3.91816
4.62906
5.88647
7.35765
4.04055
5.78052
4.65586
4.38166
4.77252
5.17644
78.7643
3.41854
5.15555
4.35238
7.96055
7.49512
5.45089
3.49328
4.51355
5.2629
5.16556
6.33112
7.2084
5.25444
2.73051
5.65833
4.73665
4.70094
5.28634
5.73667
3.1386
5.52404
6.92596
3.902
5.24667
5.55524
3.25865
3.64474
4.93372
4.65445
3.83806
5.48819
7.45143
5.93218
5.80664
8.89012
4.13536
7.34994
3.26662
6.83859
3.65023
9.06342
2.91719
3.15222
4.20377
3.54929
3.83243
5.27063
5.25414
3.57896
4.60636
5.06569
3.52676
3.9469
2.95504
4.16167
4.74867
5.02814
5.60259
3.83768
8.0605
5.0961
8.18999
3.84401
5.83947
4.04807
6.68677
4.46847
5.46662
3.50986
5.26887
4.04967
6.04635
3.65342
7.01654
3.27127
3.19249
5.22314
8.64057
5.79334
8.07755
4.46803
4.14829
6.57395
5.92791
6.2279
4.4613
2.84443
4.75551
5.39428
3.83801
3.4705
4.64575
4.30216
4.98682
4.6457
3.92211
5.23754
4.89873
3.20946
4.1901
9.8685
4.46127
2.33496
6.97406
7.84103
6.11573
2.10537
3.41462
3.03346
6.75023
5.41101
252.945
3.53967
6.10986
3.87201
5.89426
4.95531
6.33524
12.3287
3.55953
7.4194
6.57214
9.99212
5.09496
3.6278
4.99962
4.7924
6.44211
5.39118
5.96239
11.6387
2.79229
2.62695
4.50342
3.80369
6.59445
5.44825
5.52337
4.52659
4.04075
4.31592
3.83462
6.4828
8.79832
5.76217
3.66083
2.9581
2.29759
6.04436
2.74381
5.76409
4.90937
2.82641
6.09224
4.39201
4.03386
6.74142
3.74172
9.08054
255.261
4.67759
5.21336
6.04545
5.36028
2.81109
6.02612
5.85047
3.27107
4.52058
4.02986
3.22805
3.0629
5.06187
3.58706
6.11188
2.94195
2.72499
3.8475
3.58937
3.85073
11.9136
4.60398
7.61108
3.79194
7.75686
4.46456
5.08695
5.81974
3.91558
5.27233
3.90955
5.77551
3.14698
3.5584
5.96424
4.33414
6.09963
6.51043
5.73617
8.90504
4.71243
4.21306
4.38691
4.9398
3.04148
4.87134
5.97903
5.33083
9.15651
6.3101
5.74648
4.73054
3.82852
5.19768
6.01296
