0.000331242
0.00254269
0.000135095
0.00140734
0.000880217
0.000296133
0.00107244
0.000354922
0.00104615
0.00069831
0.000594768
0.000455322
0.00037965
0.000407909
0.000205266
0.000257955
0.00223901
0.000122304
7.73345e-05
0.000371277
0.000990456
0.000563334
0.00017519
0.000630634
0.000374977
0.000677011
0.000521141
0.000391044
0.000368447
0.000390436
0.000393642
0.000418598
0.000752124
0.000512255
0.000209894
0.000574961
0.000393758
0.000372604
0.000474512
0.000478714
0.000133092
0.000582321
0.000168004
0.00184476
0.0023586
0.000240072
0.000160886
9.5646e-05
0.000173676
0.000244127
0.000253904
0.000224117
0.00116916
0.000109853
0.000250324
0.000984724
0.000251303
0.000316158
0.000108579
0.000488671
0.000439302
0.00182391
0.000348374
0.000901466
0.000548233
0.000647034
0.00118192
0.000411281
0.000331483
0.00077834
0.00106678
0.000295797
0.00140307
0.00110593
0.000518846
0.000883663
0.000724087
0.000521379
0.000976196
0.00182943
0.000387346
0.000679568
0.000285245
0.000941804
0.000406253
0.000350883
0.000241695
0.000763333
0.000311676
0.000580136
0.000470269
0.000470739
0.000183003
0.000813568
0.000889567
0.000840833
0.000924351
0.000817971
0.000194961
0.000221623
0.000275324
0.000250479
0.000178847
0.0071237
0.000275097
0.00186104
0.000185443
0.000219625
0.000472504
0.000398733
0.00194193
0.000239443
0.000290432
0.000555617
0.000490416
0.000595262
0.000414162
0.000243797
0.000492966
0.000603086
0.000373635
0.000701999
0.000608376
0.00115584
0.000397059
0.000569158
0.000152474
0.000653681
0.000452926
0.000905613
0.000393706
0.00103957
0.000593552
0.00101064
0.00126647
0.000288719
0.000358781
0.000379982
0.000513582
0.000562492
0.0008767
0.000659139
0.000458203
0.00294518
0.000916988
0.000373628
0.000193295
0.00073917
0.000811695
0.000317771
0.000302582
0.000164836
0.000211714
0.00210258
0.000144961
0.000756138
0.000666655
0.000826426
0.000358778
0.00040853
0.000134119
0.00065558
0.00102752
0.000422454
0.000821542
0.000217774
0.000232899
0.000656653
0.000375383
0.000554332
0.000271089
0.000549163
0.000576424
8.89533e-05
0.000255809
0.000952467
0.000669686
0.000591461
0.00162213
0.000758762
0.000646836
0.000344282
0.000626478
0.000453897
0.000222849
0.000602804
0.000157025
0.000447444
0.000819547
0.000346774
0.000186857
0.000511277
0.000138414
0.000421043
9.6811e-05
0.000748476
0.000907343
0.000563904
0.00093768
0.00174189
0.000345071
0.000138951
0.000411953
0.000329246
0.000222011
0.000270306
0.0001101
0.00029702
0.000927997
0.000298175
0.00131521
0.000264342
0.000163861
0.000592743
0.00194867
0.00107923
0.000750802
0.000763382
0.00184403
0.000267723
0.000155066
0.0019227
0.000709545
0.000201934
0.000602363
0.000444762
0.000222752
0.000518653
0.000743032
0.000447697
0.000512402
0.000179098
0.000977948
0.000715306
0.00088321
0.000829995
0.000355617
0.000713776
0.000478659
0.000711236
0.000164151
0.00130491
0.000639104
0.000835368
0.0033552
0.000374165
8.56873e-05
0.00203317
0.00220082
0.000305371
0.00138624
0.000595012
0.000131531
0.000461912
0.00230531
0.000449996
0.000753004
0.000406545
0.00232329
0.000646418
0.000205699
0.000608651
0.000594587
0.000231723
0.000747942
0.000331674
0.000489248
0.000802906
0.000231244
0.000882671
0.000446132
0.000705572
0.000446819
0.000341937
0.000402242
0.000442896
0.000681934
0.000194227
0.000302186
0.000297594
0.000418698
0.000511653
0.000265999
0.00108069
0.000757532
0.00084592
0.000259558
0.000779945
0.000490821
0.000243891
0.000419309
0.00231703
0.00118321
0.000207303
0.000262982
0.000191048
0.000323227
0.0013289
0.000523306
0.00034086
0.000892203
0.000428456
0.000505308
0.000126016
0.000260349
0.000349544
0.000237208
0.00217799
0.000306872
0.000289643
0.000399057
0.000405022
0.000274409
0.000173292
0.000370109
0.000205652
0.000903881
0.000943738
0.000113761
0.000238028
0.000280756
0.000346336
0.00127981
0.000378221
0.00090622
0.000792052
0.000193493
0.00101546
0.000334997
0.000360191
0.000332804
0.000315278
0.000324368
0.000245207
0.000997028
0.000572766
0.000299165
0.000440278
0.000210395
0.000747896
0.000319427
0.000468006
0.000318058
0.000442868
0.0001726
0.000897582
0.000966374
0.000214
0.00202513
0.000715551
0.000930972
0.000268791
5.99527e-05
0.000172056
0.00101593
0.000455744
0.000354238
0.000894017
0.000618113
0.000258736
0.000136906
0.00203461
0.00048642
0.000386803
0.00122166
0.000319613
0.000840816
0.000252139
0.000300373
0.000399649
0.000316592
0.000168343
0.000385342
0.000416072
0.000217756
0.000145695
0.000366842
0.00684394
0.000842304
0.000637853
0.000651478
0.000552912
0.000242477
0.000408641
0.000887282
0.00103449
0.000644293
0.000412102
0.000459229
0.000736247
0.000976408
0.000383297
0.000843676
0.000193194
0.0002623
0.000308738
0.000300915
0.00092219
0.000931566
0.000158388
0.000239632
0.00176531
0.000457172
0.00112502
0.000430895
0.000389628
0.000219912
0.000567429
0.000320757
0.000643316
0.000709687
0.000176452
0.000174598
0.0006815
0.000291108
9.93986e-05
0.00042623
0.000249799
0.000807179
0.000295883
0.000219139
0.00067354
0.000538804
0.000351849
0.000254774
0.000619173
0.000239207
0.000106629
0.000387207
0.000486509
0.000217373
0.000621887
0.000304534
0.000720507
0.000227429
0.00197725
0.0007395
0.000593704
0.000419815
0.00026429
0.000117953
0.000157119
0.000209853
0.000480751
0.000244563
0.00108465
0.000202039
0.000988377
5.80931e-05
0.000351115
7.82102e-05
0.000481773
0.000108048
0.000458543
0.000437688
0.000240614
0.000690595
0.000685318
0.000596863
0.000132853
0.000333779
0.000936694
0.000301748
0.000283139
0.000439991
0.000549223
0.000201407
0.000484204
0.000628969
0.000404928
0.000202879
0.00102297
0.000245122
0.000155014
0.000902647
0.00119235
0.000168205
0.000348767
0.000105214
0.000372006
0.000220844
0.000191832
0.00022865
0.000175478
0.000273136
0.000154242
0.000541439
0.000149892
0.000364403
0.000374895
0.000290027
0.000556012
0.000785747
0.000488471
0.000381875
0.000363513
0.000294659
0.000361809
0.000371915
0.000559884
0.000959529
0.00219257
0.000136128
0.00119471
0.000743254
0.000296413
0.00124734
0.000383428
0.00111248
0.000764371
0.000958162
0.000349943
0.0016065
0.00164869
0.000340415
0.000680315
0.00243434
0.000691468
0.000101453
0.0012672
0.000616398
0.000346033
0.000170593
0.000247888
0.000190025
0.000628563
0.000134162
0.00027025
0.000737558
0.00021747
0.00027363
0.000545251
8.92471e-05
0.000712549
0.000509896
0.00043143
0.000253318
0.000861631
0.00137588
0.00107162
0.000181187
0.000141593
0.00109753
0.00187182
0.000396368
0.000299848
0.000311416
0.000952653
0.00057129
0.000590697
0.000454988
0.00046554
0.000208392
0.000250586
0.000152582
0.000326556
0.000818518
0.000222307
0.000666034
0.00178057
0.000567719
0.000161221
0.000188814
0.000165756
0.000184802
0.000235046
0.000130901
0.00195586
0.000186121
0.00028774
0.000613485
0.00185635
0.000187059
0.000322827
0.000179433
0.000730933
0.000125672
0.000708699
0.00059247
0.000344219
0.00241571
9.05148e-05
0.00090938
0.000615404
0.000611378
0.00142385
0.000452337
0.00024311
0.00131054
0.000213523
0.000438086
0.000326758
0.000238116
0.000229585
0.000293701
0.000217225
0.000449656
0.000221816
0.00106021
0.00111678
0.000883413
0.000220347
0.000493201
0.000903531
0.000647673
8.67059e-05
0.000346856
0.000746097
0.000323565
0.00078864
0.000252232
0.000497323
0.000321385
0.000678854
0.000173428
0.00018924
0.000684373
0.000390517
0.0008036
0.000202037
0.000147694
0.000129629
0.000535889
0.00115235
0.00024061
4.87175e-05
0.000106139
0.000527992
0.000210784
0.000814654
0.000575227
0.000345256
0.000104915
0.000322634
0.000287973
0.00102759
0.00360763
0.000788185
0.000250523
0.000564507
0.000681357
0.000740444
0.000160876
0.000278699
0.000650578
0.000143541
0.000146522
0.000530886
0.00180404
0.000455025
0.000239883
0.000670478
0.000393443
0.000101742
0.000734132
0.000265962
0.00065859
0.000642684
0.00201827
0.000520125
0.00144292
0.000843435
0.000172938
0.000598591
0.000535063
0.00124845
0.000956944
0.000543448
0.000217373
0.000659579
0.00031054
0.000348834
0.0012211
0.000514112
0.00124915
0.000132653
0.000449254
6.45834e-05
0.000551138
0.000302778
0.00116367
0.00193609
0.000444432
0.000358976
0.000919909
0.000478993
0.000175822
0.000375185
0.000421734
0.00046006
0.000575775
0.000181336
0.000895082
0.000334074
0.000338267
0.000227046
0.000103257
0.000766331
0.000664805
0.000389544
0.000139932
0.00117229
0.00041469
0.000696374
0.00664358
0.00192095
0.000833015
0.000322452
0.000659967
0.00213455
0.00257618
0.000187929
0.00034243
0.000169912
0.000100378
0.000342028
0.000461232
0.000340622
0.00183193
0.000439198
0.000275274
0.000420734
0.00240108
0.000302481
0.000685068
0.00120261
0.000417133
0.000667049
0.000737509
0.000161172
0.00037685
0.00249582
0.000710124
0.000324214
0.000223723
0.000230321
0.000149945
0.000142124
0.000826722
0.000303663
0.000161315
0.000563242
0.000219337
0.00151494
0.000765554
0.000391047
0.00182164
0.000348615
0.00040482
0.000175962
0.000229138
0.00030146
0.000316695
0.000170548
0.000844404
0.000889864
0.000206194
0.000614411
9.92083e-05
0.000365177
0.000316743
0.00110557
0.000144327
0.000667347
0.000226698
0.000121228
0.000644061
0.000243147
0.000185159
0.000366397
0.000377331
0.000235535
0.000397371
0.000181088
0.000156332
0.000211022
0.000265472
0.00262796
0.000207561
0.000809826
0.000373192
0.000412731
0.00122319
0.000345395
0.000638297
0.000384754
0.000720016
0.000879746
0.000202485
0.000170646
0.00010185
0.000284752
0.000855226
0.000927881
0.0010998
0.000232709
0.000400984
0.000316642
