217.483
28.8745
28.8963
28.8747
109.471
194.713
102.994
28.907
28.8525
485.93
28.8111
46.5849
28.9402
305.264
28.8741
28.6801
399.711
1456.85
28.6799
205.9
446.638
246.72
345.048
565.092
102.049
28.8855
28.0157
206.58
28.6576
29.3264
94.5035
392.169
96.6002
1460.37
112.712
28.9182
1549
49.3479
451.234
28.1172
36.6245
28.6685
51.7801
100.458
28.6689
103.495
507.386
28.8747
97.7316
183.436
31.6008
131.562
28.8745
580.523
625.817
244.629
36.6443
28.8853
36.6036
354.894
2258.33
417.784
110.678
117.573
28.7017
28.0393
295.492
28.8963
291.618
230.501
28.6797
630.189
117.469
208.169
28.02
28.844
28.0611
205.826
28.8528
29.919
115.543
172.105
28.8747
28.8853
331.216
458.592
28.9076
218.036
99.4958
120.866
280.42
30.1257
204.302
392.115
116.185
28.8965
87.2324
1457.08
1565.45
28.8525
113.486
26.75
122.737
26.2033
43.5297
486.342
93.4226
116.131
287.166
26.203
116.007
400.845
409.23
1456.86
26.7197
117.074
28.6464
116.387
1457.05
102.815
28.6583
391.171
1453.21
323.4
178.823
28.8413
28.6911
148.249
28.6471
29.6277
199.481
1527.43
95.5792
109.61
28.0499
27.9981
423.446
313.856
280.429
264.381
28.6473
205.733
442.625
353.575
1530.12
28.8967
279.769
214.504
1544.99
116.132
28.8747
33.3446
32.2713
110.663
27.7376
1526.91
102.578
28.9075
213.95
28.6352
196.029
28.6687
27.9875
93.728
92.5918
555.232
506.393
116.013
565.969
1456.07
230.719
1455.37
194.803
28.8522
289.654
47.6666
317.531
2285.23
476.695
28.8854
28.6795
399.689
375.333
2258.09
108.394
28.9292
36.6473
293.39
213.656
119.858
28.8966
28.6246
881.009
95.5651
668.828
101.911
167.484
202.968
1457.09
28.085
372.104
28.8632
108.526
28.8414
28.0172
363.215
90.2781
381.799
46.1907
1457.11
492.932
554.528
101.243
28.6799
1544.78
213.81
114.85
197.864
28.8639
116.321
154.975
27.9879
28.6797
114.7
94.3622
29.9306
45.1679
95.8398
486.925
400.847
33.1283
229.357
28.6799
92.2816
28.8851
110.169
224.712
27.1404
102.981
110.218
103.387
199.027
732.817
199.32
97.7291
28.8964
101.942
561.796
2256.57
50.0286
1541.67
118.802
33.0464
208.167
880.995
29.9512
28.0097
110.888
28.8522
28.8747
107.117
276.806
107.032
27.9924
44.1327
421.191
963.777
168.709
110.156
27.9921
354.18
27.9704
28.6581
98.4362
1457.71
28.9402
28.8963
199.424
28.8632
112.45
230.547
463.181
28.0283
264.995
116.708
103.988
94.8032
101.33
28.8854
466.275
90.3515
436.925
538.748
28.8967
27.9702
199.463
35.3009
1628.62
36.5433
149.528
395.924
194.388
345.164
246.694
28.0522
95.6708
29.4408
98.3222
568.258
147.743
197.703
28.0107
182.902
469.315
28.8522
399.05
150.907
149.294
27.7361
28.8963
28.8749
90.9803
103.672
28.8995
1543.04
94.7273
27.9663
493.676
392.168
198.65
28.9065
198.055
405.722
46.9714
27.9879
43.8767
28.6467
28.0003
115.415
28.8415
28.8633
102.781
28.6914
506.313
470.681
385.606
207.608
129.309
172.842
411.663
1456.83
288.423
28.8855
28.0851
407.334
186.561
399.005
28.9294
298.796
206.107
157.168
1457.1
28.8302
102.576
590.925
28.8857
163.131
27.1095
474.123
248.211
1457.1
45.1678
1458.9
28.6582
94.01
149.836
27.9778
115.932
1471.12
28.6356
29.587
141.38
378.797
93.5713
95.1559
147.749
103.856
52.0861
28.8635
28.028
33.0863
28.6254
206.021
116.192
400.026
28.8959
281.926
28.0361
574.327
36.0049
28.8965
469.085
405.741
543.288
177.683
466.29
393.518
183.172
28.647
110.733
607.281
51.7851
28.8635
45.8139
185.747
28.8963
28.6583
189.01
198.59
480.895
616.181
107.861
28.8963
250.32
199.86
117.887
28.8518
219.635
28.8631
119.786
46.1444
253.967
200.285
27.9893
453.333
174.982
494.197
28.8855
28.7128
28.8636
317.136
217.305
218.466
28.8743
28.8749
28.8855
290.533
28.1182
676.613
463.496
107.347
446.663
198.645
101.601
29.3996
25.7057
95.6731
28.1509
278.019
28.9073
594.339
234.449
109.399
28.6361
190.099
273.512
28.6695
108.356
392.134
28.9076
28.0633
27.995
182.876
28.83
28.0634
104.353
28.8855
110.669
100.497
604
28.8857
28.691
47.9656
219.369
150.052
206.038
27.9952
392.342
28.8853
521.575
481.491
27.9047
28.3059
930.646
23.7321
28.8743
127.394
230.888
28.1031
192.928
968.709
161.58
28.8743
97.2288
28.8743
28.2023
125.67
205.987
133.318
27.6856
28.9402
179.503
28.6579
28.8747
116.348
425.494
28.6708
294.672
44.6665
89.0835
27.9724
90.8043
150.091
136.935
116.828
563.037
28.8638
367.176
28.9073
28.9186
117.078
644.717
97.2962
28.6026
296.631
28.6907
110.891
392.214
102.288
95.6875
392.935
27.9943
28.8963
1618.77
46.495
1543.78
28.6138
542.5
94.1391
112.656
51.8181
